Y = [ 1 0 0 ; 1 0 1 ] 

Y =

     1     0     0
     1     0     1

find(~Y)  
